
Camera matrix:
[[361.82668796   0.         162.82878226]
 [  0.         346.28946576 150.73824217]
 [  0.           0.           1.        ]]
dist:
[[ 0.16125403 -0.04403658 -0.00726027 -0.02337057 -0.06152379]]
rvecs:
(array([[-0.22101573],
       [-0.0493621 ],
       [ 1.53818953]]), array([[-0.22101573],
       [-0.0493621 ],
       [ 1.53818953]]))
tvecs:
(array([[ 7.61634062],
       [-1.79716457],
       [12.97748428]]), array([[ 7.61634062],
       [-1.79716457],
       [12.97748428]]))
